Probe: Kwadraty2
Scans: 180
Detectors: 180
Opening: 180
RMSE: 45.619677349582766
Time: 50.01077198982239
