Probe: SADDLE_PE
Scans: 450
Detectors: 180
Opening: 180
RMSE: 75.08192763400284
Time: 263.4516603946686
