Probe: SADDLE_PE
Scans: 180
Detectors: 180
Opening: 180
RMSE: 82.78047044373659
Time: 105.99224781990051
