Probe: CT_ScoutView
Scans: 180
Detectors: 180
Opening: 180
RMSE: 36.62328227930214
Time: 104.6119294166565
