Probe: CT_ScoutView_large
Scans: 180
Detectors: 180
Opening: 180
RMSE: 33.671918130214955
Time: 156.55454683303833
