Probe: CT_ScoutView_large
Scans: 180
Detectors: 270
Opening: 180
RMSE: 34.15900777677034
Time: 204.6685073375702
