Probe: Kropka
Scans: 180
Detectors: 180
Opening: 180
RMSE: 19.330703718437153
Time: 43.65374207496643
